R1 =2e6;
C1 = .51e-6;
Wn1 =1/(R1*C1);
zeta1 = 3*R1*C1/(2*Wn1*(R1^2)*(C1^2));
R2 =4e6;
C2 = 0.2e-6;
Wn2=1/(R2*C2);
zeta2 = 3*R2*C2/(2*Wn2*(R2^2)*(C2^2));
R3 =3e6;
C3 = 0.3e-6;
Wn3 =1/(R3*C3);
zeta3 = 3*R3*C3/(2*Wn3*(R3^2)*(C3^2));
